numTransmitDoor: 4
numBox: 509
numZombie: 9

0 58 17
0 65 72
0 20 22
0 59 124
0 33 58
0 4 121
0 57 101
0 43 13

2 0 0.5 0.5
2 0 0.5 126.5
2 0 1.5 0.5
2 0 1.5 126.5
2 0 2.5 0.5
2 0 2.5 126.5
2 0 3.5 0.5
2 0 3.5 126.5
2 0 4.5 0.5
2 0 4.5 126.5
2 0 5.5 0.5
2 0 5.5 126.5
2 0 6.5 0.5
2 0 6.5 126.5
2 0 7.5 0.5
2 0 7.5 126.5
2 0 8.5 0.5
2 0 8.5 126.5
2 0 9.5 0.5
2 0 9.5 126.5
2 0 10.5 0.5
2 0 10.5 126.5
2 0 11.5 0.5
2 0 11.5 126.5
2 0 12.5 0.5
2 0 12.5 126.5
2 0 13.5 0.5
2 0 13.5 126.5
2 0 14.5 0.5
2 0 14.5 126.5
2 0 15.5 0.5
2 0 15.5 126.5
2 0 16.5 0.5
2 0 16.5 126.5
2 0 17.5 0.5
2 0 17.5 126.5
2 0 18.5 0.5
2 0 18.5 126.5
2 0 19.5 0.5
2 0 19.5 126.5
2 0 20.5 0.5
2 0 20.5 126.5
2 0 21.5 0.5
2 0 21.5 126.5
2 0 22.5 0.5
2 0 22.5 126.5
2 0 23.5 0.5
2 0 23.5 126.5
2 0 24.5 0.5
2 0 24.5 126.5
2 0 25.5 0.5
2 0 25.5 126.5
2 0 26.5 0.5
2 0 26.5 126.5
2 0 27.5 0.5
2 0 27.5 126.5
2 0 28.5 0.5
2 0 28.5 126.5
2 0 29.5 0.5
2 0 29.5 126.5
2 0 30.5 0.5
2 0 30.5 126.5
2 0 31.5 0.5
2 0 31.5 126.5
2 0 32.5 0.5
2 0 32.5 126.5
2 0 33.5 0.5
2 0 33.5 126.5
2 0 34.5 0.5
2 0 34.5 126.5
2 0 35.5 0.5
2 0 35.5 126.5
2 0 36.5 0.5
2 0 36.5 126.5
2 0 37.5 0.5
2 0 37.5 126.5
2 0 38.5 0.5
2 0 38.5 126.5
2 0 39.5 0.5
2 0 39.5 126.5
2 0 40.5 0.5
2 0 40.5 126.5
2 0 41.5 0.5
2 0 41.5 126.5
2 0 42.5 0.5
2 0 42.5 126.5
2 0 43.5 0.5
2 0 43.5 126.5
2 0 44.5 0.5
2 0 44.5 126.5
2 0 45.5 0.5
2 0 45.5 126.5
2 0 46.5 0.5
2 0 46.5 126.5
2 0 47.5 0.5
2 0 47.5 126.5
2 0 48.5 0.5
2 0 48.5 126.5
2 0 49.5 0.5
2 0 49.5 126.5
2 0 50.5 0.5
2 0 50.5 126.5
2 0 51.5 0.5
2 0 51.5 126.5
2 0 52.5 0.5
2 0 52.5 126.5
2 0 53.5 0.5
2 0 53.5 126.5
2 0 54.5 0.5
2 0 54.5 126.5
2 0 55.5 0.5
2 0 55.5 126.5
2 0 56.5 0.5
2 0 56.5 126.5
2 0 57.5 0.5
2 0 57.5 126.5
2 0 58.5 0.5
2 0 58.5 126.5
2 0 59.5 0.5
2 0 59.5 126.5
2 0 60.5 0.5
2 0 60.5 126.5
2 0 61.5 0.5
2 0 61.5 126.5
2 0 62.5 0.5
2 0 62.5 126.5
2 0 63.5 0.5
2 0 63.5 126.5
2 0 64.5 0.5
2 0 64.5 126.5
2 0 65.5 0.5
2 0 65.5 126.5
2 0 66.5 0.5
2 0 66.5 126.5
2 0 67.5 0.5
2 0 67.5 126.5
2 0 68.5 0.5
2 0 68.5 126.5
2 0 69.5 0.5
2 0 69.5 126.5
2 0 70.5 0.5
2 0 70.5 126.5
2 0 71.5 0.5
2 0 71.5 126.5
1 0 0.5 1.5
1 0 0.5 2.5
1 0 0.5 3.5
1 0 0.5 4.5
1 0 0.5 5.5
1 0 0.5 6.5
1 0 0.5 7.5
1 0 0.5 8.5
1 0 0.5 9.5
1 0 0.5 10.5
1 0 0.5 11.5
1 0 0.5 12.5
1 0 0.5 13.5
1 0 0.5 14.5
1 0 0.5 15.5
1 0 0.5 16.5
1 0 0.5 17.5
1 0 0.5 18.5
1 0 0.5 19.5
1 0 0.5 20.5
1 0 0.5 21.5
1 0 0.5 22.5
1 0 0.5 23.5
1 0 0.5 24.5
1 0 0.5 25.5
1 0 0.5 26.5
1 0 0.5 27.5
1 0 0.5 28.5
1 0 0.5 29.5
1 0 0.5 35.5
1 0 0.5 36.5
1 0 0.5 37.5
1 0 0.5 38.5
1 0 0.5 39.5
1 0 0.5 40.5
1 0 0.5 41.5
1 0 0.5 42.5
1 0 0.5 43.5
1 0 0.5 44.5
1 0 0.5 65.5
1 0 0.5 66.5
1 0 0.5 67.5
1 0 0.5 68.5
1 0 0.5 69.5
1 0 0.5 70.5
1 0 0.5 71.5
1 0 0.5 72.5
1 0 0.5 73.5
1 0 0.5 74.5
1 0 0.5 75.5
1 0 0.5 82.5
1 0 0.5 83.5
1 0 0.5 84.5
1 0 0.5 85.5
1 0 0.5 86.5
1 0 0.5 87.5
1 0 0.5 88.5
1 0 0.5 89.5
1 0 0.5 90.5
1 0 0.5 91.5
1 0 0.5 92.5
1 0 0.5 93.5
1 0 0.5 103.5
1 0 0.5 104.5
1 0 0.5 105.5
1 0 0.5 106.5
1 0 0.5 107.5
1 0 0.5 108.5
1 0 0.5 109.5
1 0 0.5 110.5
1 0 0.5 111.5
1 0 0.5 112.5
1 0 0.5 113.5
1 0 0.5 114.5
1 0 0.5 115.5
1 0 0.5 116.5
1 0 0.5 117.5
1 0 0.5 118.5
1 0 0.5 119.5
1 0 0.5 120.5
1 0 0.5 121.5
1 0 0.5 122.5
1 0 0.5 123.5
1 0 0.5 124.5
1 0 0.5 125.5
0 0 48.5 106.5
0 0 49.5 106.5
0 0 48.5 107.5
0 0 49.5 107.5
0 0 48.5 108.5
0 0 49.5 108.5
0 0 48.5 109.5
0 0 49.5 109.5
0 0 48.5 110.5
0 0 49.5 110.5
0 0 48.5 111.5
0 0 49.5 111.5
0 0 48.5 112.5
0 0 49.5 112.5
0 0 48.5 113.5
0 0 49.5 113.5
0 0 48.5 114.5
0 0 49.5 114.5
0 0 48.5 115.5
0 0 49.5 115.5
0 0 48.5 116.5
0 0 49.5 116.5
0 0 48.5 117.5
0 0 49.5 117.5
0 0 48.5 118.5
0 0 49.5 118.5
0 0 48.5 119.5
0 0 49.5 119.5
0 0 48.5 120.5
0 0 49.5 120.5
0 0 48.5 121.5
0 0 49.5 121.5
0 0 48.5 122.5
0 0 49.5 122.5
0 0 48.5 123.5
0 0 49.5 123.5
0 0 48.5 124.5
0 0 49.5 124.5
0 0 48.5 125.5
0 0 49.5 125.5
1 0 54.5 106.5
1 0 53.5 97.5
1 0 53.5 98.5
1 0 53.5 99.5
1 0 53.5 100.5
1 0 53.5 101.5
1 0 53.5 102.5
1 0 58.5 89.5
1 0 58.5 90.5
1 0 58.5 91.5
1 0 58.5 92.5
1 0 58.5 93.5
1 0 61.5 66.5
1 0 61.5 67.5
1 0 61.5 68.5
1 0 61.5 69.5
1 0 61.5 70.5
1 0 61.5 71.5
1 0 61.5 72.5
1 0 61.5 73.5
1 0 56.5 50.5
1 0 56.5 51.5
1 0 56.5 52.5
1 0 56.5 53.5
1 0 56.5 54.5
1 0 56.5 55.5
1 0 56.5 56.5
1 0 56.5 57.5
1 0 56.5 58.5
1 0 56.5 59.5
1 0 56.5 60.5
1 0 56.5 61.5
1 0 52.5 77.5
1 0 52.5 78.5
1 0 52.5 79.5
0 0 52.5 1.5
0 0 51.5 2.5
0 0 51.5 3.5
0 0 51.5 5.5
0 0 51.5 7.5
0 0 51.5 9.5
0 0 51.5 11.5
0 0 51.5 13.5
0 0 51.5 15.5
0 0 51.5 17.5
0 0 51.5 18.5
0 0 51.5 14.5
0 0 51.5 12.5
0 0 51.5 10.5
0 0 51.5 16.5
0 0 54.5 13.5
0 0 54.5 14.5
0 0 54.5 15.5
0 0 54.5 16.5
0 0 54.5 17.5
0 0 54.5 18.5
0 0 58.5 23.5
0 0 58.5 24.5
0 0 58.5 25.5
0 0 58.5 26.5
0 0 58.5 27.5
0 0 58.5 28.5
0 0 58.5 29.5
1 0 58.5 87.5
1 0 58.5 88.5
1 0 58.5 86.5
2 0 50.5 108.5
2 0 51.5 108.5
2 0 53.5 108.5
2 0 52.5 108.5
2 0 54.5 108.5
2 0 55.5 108.5
2 0 56.5 108.5
2 0 57.5 108.5
2 0 58.5 108.5
2 0 59.5 108.5
2 0 61.5 108.5
2 0 60.5 108.5
2 0 62.5 108.5
2 0 63.5 108.5
2 0 64.5 108.5
2 0 65.5 108.5
2 0 66.5 108.5
2 0 67.5 108.5
2 0 68.5 108.5
2 0 69.5 108.5
2 0 70.5 108.5
2 0 71.5 108.5
0 0 16.5 17.5
0 0 16.5 18.5
0 0 16.5 19.5
0 0 16.5 20.5
0 0 16.5 21.5
0 0 16.5 22.5
0 0 16.5 23.5
0 0 11.5 2.5
0 0 11.5 3.5
0 0 11.5 4.5
0 0 11.5 5.5
0 0 11.5 6.5
0 0 11.5 7.5
0 0 11.5 8.5
0 0 12.5 12.5
0 0 6.5 16.5
0 0 6.5 17.5
0 0 6.5 18.5
0 0 6.5 19.5
0 0 6.5 20.5
0 0 6.5 21.5
1 0 8.5 48.5
1 0 8.5 49.5
1 0 8.5 50.5
1 0 8.5 51.5
1 0 8.5 52.5
1 0 8.5 53.5
1 0 8.5 54.5
1 0 8.5 55.5
1 0 8.5 56.5
1 0 8.5 57.5
1 0 8.5 58.5
1 0 8.5 59.5
1 0 8.5 60.5
1 0 8.5 61.5
1 0 8.5 62.5
1 0 8.5 63.5
1 0 8.5 64.5
0 0 12.5 66.5
0 0 12.5 67.5
0 0 12.5 68.5
0 0 12.5 69.5
0 0 12.5 70.5
0 0 12.5 71.5
0 0 12.5 72.5
0 0 4.5 76.5
0 0 4.5 77.5
0 0 4.5 78.5
0 0 4.5 79.5
0 0 4.5 80.5
0 0 4.5 81.5
0 0 7.5 76.5
0 0 4.5 82.5
0 0 4.5 83.5
1 0 6.5 101.5
1 0 6.5 100.5
0 0 29.5 53.5
0 0 29.5 54.5
0 0 29.5 56.5
0 0 29.5 57.5
0 0 29.5 58.5
0 0 29.5 59.5
0 0 29.5 55.5
0 0 30.5 30.5
0 0 30.5 31.5
0 0 30.5 32.5
0 0 30.5 34.5
0 0 30.5 35.5
0 0 30.5 33.5
0 0 30.5 39.5
0 0 30.5 40.5
0 0 30.5 42.5
0 0 30.5 43.5
0 0 30.5 44.5
0 0 30.5 45.5
0 0 35.5 35.5
0 0 35.5 37.5
0 0 35.5 38.5
0 0 35.5 39.5
0 0 35.5 40.5
0 0 39.5 8.5
0 0 39.5 9.5
0 0 39.5 11.5
0 0 39.5 12.5
0 0 39.5 13.5
0 0 39.5 14.5
0 0 39.5 10.5
0 0 30.5 11.5
0 0 30.5 12.5
0 0 30.5 13.5
0 0 30.5 14.5
0 0 30.5 15.5
0 0 30.5 16.5
0 0 30.5 17.5
0 0 33.5 2.5
0 0 33.5 3.5
0 0 33.5 4.5
0 0 33.5 5.5
0 0 33.5 6.5
0 0 33.5 1.5
0 0 24.5 22.5
0 0 24.5 23.5
0 0 24.5 24.5
0 0 24.5 25.5
0 0 42.5 34.5
0 0 42.5 33.5
0 0 58.5 30.5
0 0 58.5 31.5
0 0 58.5 32.5
0 0 58.5 33.5
0 0 58.5 34.5
0 0 58.5 35.5
0 0 58.5 36.5
0 0 58.5 37.5
0 0 58.5 38.5
0 0 58.5 39.5
0 0 58.5 40.5
0 0 58.5 41.5
0 0 58.5 42.5
0 0 58.5 43.5
0 0 58.5 44.5
0 0 58.5 45.5
0 0 58.5 46.5
0 0 58.5 47.5
0 0 58.5 48.5
0 0 54.5 83.5
0 0 54.5 84.5
0 0 58.5 2.5
0 0 58.5 3.5
0 0 58.5 4.5
0 0 72.5 45.5
0 0 72.5 46.5
0 0 72.5 47.5
0 0 72.5 56.5
0 0 72.5 57.5
0 0 72.5 58.5
0 0 72.5 59.5
0 0 72.5 60.5
0 0 72.5 61.5
0 0 72.5 62.5
0 0 72.5 63.5
0 0 72.5 64.5
0 0 72.5 65.5
0 0 68.5 7.5
0 0 68.5 9.5
0 0 68.5 10.5
0 0 68.5 11.5
0 0 68.5 8.5
0 0 68.5 12.5
1 0 6.5 102.5
1 0 6.5 103.5
0 0 28.5 27.5

0 59 41.5097
0 57 55.5413
0 59 90.704
0 50 119.593
0 31 32.681
0 1 91.5845
0 1 72.3051
0 9 57.5423
0 12 5.63014
