numBox: 2008

0 0 0.5 0.5
0 0 0.5 1.5
0 0 0.5 6.5
0 0 -0.5 1.5
0 0 0.5 2.5
0 0 0.5 3.5
0 0 0.5 5.5
0 0 -0.5 2.5
0 0 -0.5 0.5
0 0 -0.5 3.5
0 0 0.5 4.5
0 0 -0.5 4.5
0 0 -0.5 5.5
0 0 -0.5 6.5
0 0 0.5 7.5
0 0 0.5 8.5
0 0 0.5 9.5
0 0 0.5 10.5
0 0 -0.5 10.5
0 0 -0.5 9.5
0 0 -0.5 8.5
0 0 -0.5 7.5
0 0 0.5 12.5
0 0 0.5 11.5
0 0 -0.5 11.5
0 0 -0.5 12.5
0 0 -0.5 13.5
0 0 0.5 13.5
0 0 0.5 14.5
0 0 0.5 15.5
0 0 -0.5 15.5
0 0 0.5 16.5
0 0 -0.5 16.5
0 0 0.5 17.5
0 0 -0.5 17.5
0 0 0.5 18.5
0 0 0.5 19.5
0 0 -0.5 25.5
0 0 -0.5 27.5
0 0 -0.5 19.5
0 0 -0.5 18.5
0 0 1.5 25.5
0 0 0.5 23.5
0 0 2.5 26.5
0 0 3.5 27.5
0 0 0.5 27.5
0 0 -0.5 14.5
0 0 -0.5 23.5
1 0 -18.5 7.5
1 0 -18.5 6.5
1 0 -18.5 5.5
1 0 -18.5 4.5
1 0 -18.5 3.5
1 0 -18.5 2.5
1 0 -18.5 1.5
1 0 -18.5 0.5
1 0 -17.5 0.5
1 0 -16.5 0.5
1 0 -15.5 0.5
1 0 -11.5 0.5
1 0 -13.5 0.5
1 0 -12.5 0.5
1 0 -14.5 0.5
1 0 -10.5 0.5
1 0 -9.5 0.5
1 0 -8.5 0.5
1 0 -7.5 0.5
1 0 -6.5 0.5
1 0 -5.5 0.5
1 0 -4.5 0.5
1 0 -3.5 0.5
1 0 -2.5 0.5
1 0 -2.5 7.5
1 0 -2.5 8.5
1 0 -2.5 9.5
1 0 -2.5 10.5
1 0 -2.5 11.5
1 0 -2.5 13.5
1 0 -2.5 12.5
1 0 -2.5 14.5
1 0 -2.5 15.5
1 0 -2.5 16.5
1 0 -2.5 17.5
1 0 -2.5 18.5
1 0 -2.5 19.5
1 0 -4.5 26.5
1 0 -4.5 27.5
1 0 -5.5 26.5
1 0 -2.5 23.5
1 0 -2.5 24.5
1 0 -2.5 25.5
1 0 -18.5 8.5
1 0 -18.5 9.5
1 0 -18.5 10.5
1 0 -18.5 11.5
1 0 -18.5 12.5
1 0 -18.5 13.5
1 0 -18.5 15.5
1 0 -18.5 14.5
1 0 -18.5 16.5
1 0 -18.5 17.5
1 0 -18.5 18.5
1 0 -18.5 19.5
1 0 -18.5 20.5
1 0 -18.5 21.5
1 0 -18.5 23.5
1 0 -18.5 22.5
1 0 -17.5 1.5
1 0 -17.5 2.5
1 0 -17.5 3.5
1 0 -17.5 4.5
1 0 -17.5 5.5
1 0 -17.5 6.5
1 0 -17.5 7.5
1 0 -17.5 8.5
1 0 -17.5 9.5
1 0 -17.5 11.5
1 0 -17.5 10.5
1 0 -17.5 12.5
1 0 -17.5 13.5
1 0 -17.5 14.5
1 0 -17.5 15.5
1 0 -17.5 16.5
1 0 -17.5 17.5
1 0 -17.5 18.5
1 0 -17.5 19.5
1 0 -17.5 20.5
1 0 -17.5 21.5
1 0 -17.5 22.5
1 0 -17.5 23.5
1 0 -17.5 24.5
1 0 -17.5 25.5
1 0 -17.5 26.5
1 0 -18.5 26.5
1 0 -18.5 25.5
1 0 -18.5 24.5
1 0 -18.5 33.5
1 0 -17.5 33.5
1 0 -18.5 34.5
1 0 -18.5 36.5
1 0 -18.5 35.5
1 0 -18.5 37.5
1 0 -18.5 39.5
1 0 -18.5 38.5
1 0 -18.5 40.5
1 0 -18.5 41.5
1 0 -18.5 42.5
1 0 -18.5 43.5
1 0 -18.5 45.5
1 0 -18.5 44.5
1 0 -17.5 34.5
1 0 -17.5 35.5
1 0 -17.5 36.5
1 0 -17.5 37.5
1 0 -17.5 38.5
1 0 -17.5 39.5
1 0 -17.5 40.5
1 0 -17.5 41.5
1 0 -17.5 42.5
1 0 -17.5 45.5
1 0 -17.5 43.5
1 0 -17.5 46.5
1 0 -17.5 44.5
1 0 -18.5 46.5
2 0 -16.5 33.5
2 0 -16.5 34.5
2 0 -16.5 35.5
2 0 -16.5 37.5
2 0 -16.5 36.5
2 0 -15.5 36.5
2 0 -14.5 38.5
2 0 -14.5 39.5
2 0 -14.5 40.5
2 0 -14.5 41.5
2 0 -14.5 42.5
2 0 -14.5 43.5
2 0 -14.5 44.5
2 0 -16.5 38.5
2 0 -16.5 39.5
2 0 -16.5 40.5
2 0 -16.5 41.5
2 0 -16.5 42.5
2 0 -16.5 43.5
2 0 -16.5 44.5
2 0 -16.5 45.5
2 0 -16.5 46.5
2 0 -15.5 37.5
2 0 -15.5 38.5
2 0 -15.5 39.5
2 0 -15.5 40.5
2 0 -15.5 41.5
2 0 -15.5 42.5
2 0 -15.5 44.5
2 0 -15.5 43.5
2 0 -15.5 45.5
2 0 -15.5 46.5
2 0 -14.5 45.5
2 0 -14.5 46.5
2 0 -13.5 46.5
2 0 -13.5 45.5
2 0 -13.5 44.5
2 0 -13.5 43.5
2 0 -13.5 42.5
2 0 -13.5 41.5
2 0 -13.5 40.5
2 0 -12.5 42.5
2 0 -12.5 43.5
2 0 -12.5 44.5
2 0 -12.5 45.5
2 0 -12.5 46.5
2 0 -16.5 26.5
1 0 -2.5 26.5
1 0 -2.5 29.5
1 0 -2.5 28.5
1 0 -2.5 27.5
1 0 -2.5 30.5
1 0 -2.5 31.5
1 0 -2.5 32.5
1 0 -2.5 33.5
1 0 -2.5 34.5
1 0 -2.5 35.5
1 0 -2.5 36.5
1 0 -2.5 37.5
1 0 -2.5 38.5
1 0 -2.5 39.5
1 0 -2.5 40.5
1 0 -2.5 41.5
1 0 -2.5 42.5
1 0 -2.5 43.5
1 0 -2.5 44.5
1 0 -2.5 45.5
1 0 -2.5 46.5
1 0 -2.5 47.5
1 0 -2.5 48.5
1 0 -2.5 49.5
1 0 -2.5 50.5
1 0 -2.5 51.5
1 0 -2.5 52.5
1 0 -2.5 53.5
1 0 -2.5 54.5
1 0 -2.5 55.5
1 0 -2.5 57.5
1 0 -2.5 56.5
1 0 -2.5 59.5
1 0 -2.5 58.5
1 0 -2.5 60.5
1 0 -7.5 71.5
1 0 -11.5 66.5
1 0 -7.5 70.5
1 0 -11.5 67.5
1 0 -2.5 82.5
1 0 -2.5 83.5
1 0 -2.5 84.5
1 0 -2.5 85.5
1 0 -2.5 86.5
1 0 -2.5 87.5
1 0 -2.5 88.5
1 0 -2.5 89.5
1 0 -2.5 90.5
1 0 -2.5 91.5
1 0 -2.5 93.5
1 0 -2.5 92.5
1 0 -17.5 51.5
1 0 -18.5 51.5
1 0 -18.5 52.5
1 0 -18.5 53.5
1 0 -18.5 54.5
1 0 -18.5 55.5
1 0 -18.5 57.5
1 0 -18.5 56.5
1 0 -18.5 58.5
1 0 -18.5 59.5
1 0 -18.5 60.5
1 0 -18.5 61.5
1 0 -18.5 62.5
1 0 -18.5 63.5
1 0 -18.5 64.5
1 0 -18.5 65.5
1 0 -18.5 66.5
1 0 -18.5 67.5
1 0 -4.5 58.5
1 0 -3.5 58.5
1 0 -5.5 58.5
1 0 -6.5 58.5
1 0 -7.5 58.5
1 0 -8.5 58.5
1 0 -9.5 58.5
1 0 -9.5 59.5
1 0 -8.5 59.5
1 0 -7.5 59.5
1 0 -6.5 59.5
1 0 -5.5 59.5
1 0 -4.5 59.5
1 0 -3.5 59.5
1 0 -3.5 60.5
1 0 -4.5 60.5
1 0 -5.5 60.5
1 0 -6.5 60.5
1 0 -7.5 60.5
1 0 -8.5 60.5
1 0 -9.5 60.5
1 0 -10.5 58.5
1 0 -10.5 59.5
1 0 -10.5 60.5
1 0 -11.5 58.5
1 0 -11.5 59.5
1 0 -11.5 60.5
1 0 -18.5 69.5
1 0 -18.5 70.5
1 0 -18.5 71.5
1 0 -18.5 68.5
1 0 -17.5 52.5
1 0 -17.5 53.5
1 0 -17.5 54.5
1 0 -17.5 55.5
1 0 -17.5 56.5
1 0 -17.5 57.5
1 0 -17.5 58.5
1 0 -17.5 59.5
1 0 -17.5 60.5
1 0 -17.5 61.5
1 0 -17.5 62.5
1 0 -17.5 63.5
1 0 -17.5 64.5
1 0 -17.5 65.5
1 0 -17.5 66.5
1 0 -17.5 67.5
1 0 -17.5 68.5
1 0 -17.5 69.5
1 0 -17.5 70.5
1 0 -17.5 71.5
1 0 -18.5 72.5
1 0 -18.5 73.5
1 0 -18.5 74.5
1 0 -18.5 76.5
1 0 -18.5 75.5
1 0 -18.5 77.5
1 0 -18.5 78.5
1 0 -18.5 79.5
1 0 -18.5 80.5
1 0 -18.5 81.5
1 0 -18.5 82.5
1 0 -18.5 83.5
1 0 -18.5 84.5
1 0 -18.5 85.5
1 0 -2.5 94.5
1 0 -2.5 95.5
1 0 -2.5 96.5
1 0 -2.5 97.5
1 0 -2.5 98.5
1 0 -2.5 99.5
1 0 -2.5 100.5
1 0 -2.5 101.5
1 0 -2.5 102.5
1 0 -2.5 103.5
1 0 -2.5 104.5
1 0 -2.5 105.5
1 0 -2.5 107.5
1 0 -2.5 106.5
1 0 -2.5 108.5
1 0 -2.5 109.5
1 0 -2.5 110.5
1 0 -2.5 111.5
1 0 -2.5 112.5
1 0 -2.5 113.5
1 0 -2.5 114.5
1 0 -2.5 115.5
1 0 -2.5 117.5
1 0 -2.5 116.5
1 0 -17.5 72.5
1 0 -17.5 73.5
1 0 -17.5 74.5
1 0 -17.5 75.5
1 0 -17.5 76.5
1 0 -17.5 77.5
1 0 -17.5 78.5
1 0 -17.5 80.5
1 0 -17.5 79.5
1 0 -17.5 81.5
1 0 -17.5 82.5
1 0 -17.5 83.5
1 0 -17.5 84.5
1 0 -17.5 85.5
2 0 -16.5 80.5
2 0 -15.5 75.5
2 0 -16.5 73.5
2 0 -16.5 74.5
2 0 -16.5 75.5
2 0 -16.5 76.5
2 0 -16.5 77.5
2 0 -16.5 78.5
2 0 -16.5 79.5
2 0 -15.5 76.5
2 0 -15.5 77.5
2 0 -15.5 78.5
2 0 -15.5 79.5
2 0 -15.5 80.5
2 0 -16.5 81.5
2 0 -15.5 81.5
2 0 -16.5 82.5
2 0 -15.5 82.5
2 0 -16.5 83.5
2 0 -15.5 83.5
2 0 -16.5 84.5
2 0 -15.5 84.5
2 0 -14.5 77.5
2 0 -14.5 78.5
2 0 -14.5 79.5
2 0 -14.5 80.5
2 0 -14.5 81.5
2 0 -14.5 82.5
2 0 -14.5 83.5
2 0 -14.5 84.5
2 0 -13.5 79.5
2 0 -13.5 80.5
2 0 -13.5 81.5
2 0 -13.5 82.5
2 0 -13.5 83.5
2 0 -13.5 84.5
2 0 -12.5 81.5
2 0 -12.5 82.5
2 0 -12.5 83.5
2 0 -12.5 84.5
2 0 7.5 21.5
2 0 7.5 19.5
2 0 7.5 20.5
2 0 7.5 22.5
2 0 1.5 23.5
2 0 2.5 23.5
2 0 3.5 23.5
2 0 4.5 23.5
2 0 5.5 23.5
2 0 6.5 23.5
2 0 7.5 23.5
1 0 -3.5 72.5
1 0 1.5 68.5
2 0 3.5 64.5
2 0 3.5 65.5
2 0 3.5 66.5
0 0 0.5 65.5
0 0 2.5 65.5
0 0 1.5 65.5
0 0 2.5 75.5
0 0 0.5 75.5
0 0 1.5 75.5
0 0 0.5 68.5
0 0 -3.5 73.5
2 0 3.5 75.5
2 0 3.5 74.5
2 0 3.5 76.5
0 0 -0.5 87.5
0 0 3.5 80.5
0 0 2.5 80.5
0 0 1.5 80.5
0 0 0.5 80.5
0 0 6.5 80.5
0 0 5.5 80.5
0 0 4.5 80.5
2 0 7.5 79.5
2 0 7.5 80.5
2 0 7.5 81.5
0 0 0.5 87.5
0 0 1.5 87.5
0 0 3.5 91.5
0 0 5.5 91.5
0 0 4.5 91.5
0 0 2.5 91.5
0 0 1.5 91.5
0 0 0.5 91.5
2 0 2.5 86.5
2 0 2.5 87.5
2 0 2.5 88.5
0 0 -0.5 91.5
0 0 6.5 91.5
0 0 7.5 91.5
0 0 8.5 91.5
0 0 9.5 91.5
0 0 10.5 91.5
2 0 11.5 90.5
2 0 11.5 91.5
2 0 11.5 92.5
0 0 0.5 97.5
0 0 1.5 97.5
0 0 -0.5 97.5
0 0 0.5 98.5
0 0 -0.5 98.5
0 0 1.5 98.5
0 0 2.5 97.5
0 0 2.5 98.5
0 0 3.5 97.5
0 0 3.5 98.5
0 0 4.5 97.5
0 0 4.5 98.5
0 0 5.5 97.5
0 0 5.5 98.5
0 0 6.5 97.5
0 0 6.5 98.5
0 0 7.5 97.5
0 0 7.5 98.5
2 0 8.5 95.5
2 0 8.5 96.5
2 0 8.5 97.5
2 0 8.5 98.5
2 0 8.5 99.5
2 0 8.5 100.5
0 0 -0.5 110.5
0 0 -0.5 111.5
0 0 -0.5 112.5
0 0 -0.5 113.5
0 0 -0.5 114.5
0 0 -0.5 115.5
0 0 -0.5 116.5
0 0 -0.5 117.5
0 0 -0.5 118.5
0 0 -0.5 119.5
0 0 -0.5 120.5
0 0 -0.5 121.5
0 0 -0.5 122.5
0 0 -0.5 123.5
0 0 -0.5 124.5
0 0 -0.5 125.5
0 0 -0.5 126.5
0 0 -0.5 127.5
0 0 -0.5 128.5
0 0 -0.5 129.5
0 0 -0.5 130.5
0 0 -0.5 131.5
0 0 -0.5 132.5
0 0 -0.5 133.5
0 0 -0.5 134.5
0 0 0.5 110.5
0 0 0.5 111.5
0 0 0.5 112.5
0 0 0.5 113.5
0 0 0.5 114.5
0 0 0.5 115.5
0 0 0.5 116.5
0 0 0.5 117.5
0 0 0.5 118.5
0 0 0.5 119.5
0 0 0.5 120.5
0 0 0.5 121.5
0 0 0.5 122.5
0 0 0.5 123.5
0 0 0.5 124.5
0 0 0.5 125.5
0 0 0.5 126.5
0 0 0.5 127.5
0 0 0.5 128.5
0 0 0.5 129.5
0 0 0.5 130.5
0 0 0.5 131.5
0 0 0.5 132.5
0 0 0.5 133.5
0 0 0.5 134.5
0 0 -1.5 110.5
0 0 -1.5 97.5
0 0 -1.5 98.5
0 0 -1.5 91.5
0 0 -1.5 87.5
0 0 -0.5 80.5
0 0 -0.5 75.5
0 0 -0.5 65.5
0 0 -1.5 80.5
0 0 -1.5 75.5
0 0 -1.5 65.5
0 0 0.5 -0.5
0 0 0.5 -1.5
2 0 1.5 112.5
2 0 1.5 113.5
2 0 1.5 114.5
2 0 1.5 115.5
2 0 1.5 116.5
2 0 1.5 117.5
2 0 1.5 118.5
2 0 1.5 119.5
2 0 1.5 120.5
2 0 1.5 121.5
2 0 1.5 122.5
2 0 1.5 123.5
2 0 1.5 124.5
2 0 1.5 125.5
2 0 2.5 115.5
2 0 2.5 114.5
2 0 2.5 116.5
2 0 2.5 117.5
2 0 2.5 118.5
2 0 2.5 119.5
2 0 2.5 120.5
2 0 2.5 121.5
2 0 2.5 122.5
2 0 2.5 123.5
2 0 2.5 124.5
2 0 2.5 125.5
2 0 5.5 120.5
2 0 3.5 116.5
2 0 3.5 117.5
2 0 3.5 118.5
2 0 3.5 119.5
2 0 3.5 120.5
2 0 3.5 121.5
2 0 3.5 122.5
2 0 3.5 123.5
2 0 3.5 124.5
2 0 3.5 125.5
2 0 5.5 121.5
2 0 4.5 118.5
2 0 4.5 119.5
2 0 4.5 120.5
2 0 4.5 121.5
2 0 4.5 122.5
2 0 4.5 123.5
2 0 4.5 124.5
2 0 4.5 125.5
2 0 5.5 122.5
2 0 5.5 123.5
2 0 5.5 124.5
2 0 5.5 125.5
2 0 6.5 123.5
2 0 6.5 124.5
2 0 6.5 125.5
2 0 6.5 122.5
2 0 7.5 124.5
2 0 7.5 125.5
2 0 1.5 126.5
2 0 1.5 127.5
2 0 1.5 128.5
2 0 1.5 129.5
2 0 1.5 130.5
2 0 2.5 126.5
2 0 2.5 127.5
2 0 2.5 128.5
2 0 2.5 129.5
2 0 2.5 130.5
2 0 7.5 127.5
2 0 3.5 126.5
2 0 3.5 127.5
2 0 3.5 128.5
2 0 3.5 129.5
2 0 3.5 130.5
2 0 4.5 126.5
2 0 4.5 127.5
2 0 4.5 128.5
2 0 4.5 129.5
2 0 4.5 130.5
2 0 7.5 126.5
2 0 5.5 126.5
2 0 5.5 127.5
2 0 5.5 128.5
2 0 5.5 129.5
2 0 5.5 130.5
2 0 6.5 126.5
2 0 6.5 127.5
2 0 6.5 128.5
2 0 6.5 129.5
2 0 6.5 130.5
2 0 7.5 128.5
2 0 7.5 129.5
2 0 7.5 130.5
2 0 9.5 128.5
2 0 8.5 126.5
2 0 8.5 127.5
2 0 8.5 128.5
2 0 8.5 129.5
2 0 8.5 130.5
2 0 9.5 129.5
2 0 9.5 130.5
2 0 9.5 131.5
2 0 9.5 132.5
2 0 9.5 133.5
2 0 9.5 134.5
2 0 9.5 135.5
2 0 9.5 136.5
2 0 9.5 137.5
2 0 9.5 138.5
2 0 9.5 139.5
2 0 9.5 140.5
2 0 9.5 141.5
2 0 9.5 142.5
2 0 9.5 143.5
0 0 -0.5 135.5
0 0 -0.5 141.5
0 0 -0.5 142.5
0 0 0.5 135.5
0 0 0.5 141.5
0 0 0.5 142.5
0 0 0.5 143.5
0 0 0.5 144.5
0 0 0.5 145.5
0 0 0.5 146.5
0 0 0.5 147.5
0 0 -0.5 143.5
0 0 -0.5 144.5
0 0 -0.5 145.5
0 0 -0.5 146.5
0 0 -0.5 147.5
0 0 -0.5 148.5
0 0 0.5 148.5
0 0 0.5 149.5
0 0 -0.5 149.5
0 0 2.5 149.5
0 0 3.5 149.5
0 0 1.5 149.5
0 0 4.5 149.5
0 0 5.5 149.5
0 0 6.5 149.5
0 0 7.5 149.5
0 0 9.5 149.5
0 0 8.5 149.5
0 0 10.5 149.5
0 0 11.5 149.5
0 0 12.5 149.5
0 0 13.5 149.5
0 0 14.5 149.5
0 0 15.5 149.5
0 0 16.5 149.5
2 0 1.5 136.5
2 0 2.5 136.5
2 0 3.5 136.5
2 0 4.5 136.5
2 0 5.5 136.5
2 0 6.5 136.5
2 0 7.5 136.5
2 0 7.5 137.5
2 0 7.5 138.5
2 0 7.5 139.5
2 0 7.5 140.5
2 0 -0.5 136.5
2 0 0.5 136.5
0 0 -16.5 88.5
0 0 -16.5 89.5
0 0 -16.5 90.5
0 0 -16.5 91.5
0 0 -16.5 92.5
0 0 -15.5 98.5
0 0 -15.5 99.5
0 0 -15.5 100.5
0 0 -15.5 101.5
0 0 -15.5 102.5
0 0 -14.5 108.5
0 0 -14.5 109.5
0 0 -14.5 110.5
0 0 -14.5 111.5
0 0 -14.5 112.5
0 0 -12.5 118.5
0 0 -12.5 119.5
0 0 -12.5 120.5
0 0 -12.5 121.5
0 0 -12.5 122.5
1 0 -18.5 130.5
1 0 -18.5 131.5
1 0 -18.5 132.5
1 0 -18.5 133.5
1 0 -18.5 134.5
1 0 -18.5 135.5
1 0 -18.5 136.5
1 0 -18.5 137.5
1 0 -18.5 138.5
1 0 -18.5 139.5
1 0 -18.5 140.5
1 0 -18.5 141.5
1 0 -18.5 142.5
1 0 -18.5 143.5
1 0 -18.5 144.5
1 0 -18.5 145.5
1 0 -18.5 146.5
1 0 -18.5 147.5
1 0 -18.5 148.5
1 0 -18.5 149.5
1 0 -17.5 130.5
1 0 -17.5 131.5
1 0 -17.5 132.5
1 0 -17.5 133.5
1 0 -17.5 134.5
1 0 -17.5 135.5
1 0 -17.5 136.5
1 0 -17.5 137.5
1 0 -17.5 138.5
1 0 -17.5 139.5
1 0 -17.5 140.5
1 0 -17.5 141.5
1 0 -17.5 142.5
1 0 -17.5 143.5
1 0 -17.5 144.5
1 0 -17.5 145.5
1 0 -17.5 146.5
1 0 -17.5 147.5
1 0 -17.5 148.5
1 0 -17.5 149.5
1 0 -2.5 118.5
1 0 -2.5 119.5
1 0 -2.5 120.5
1 0 -2.5 121.5
1 0 -2.5 122.5
1 0 -2.5 123.5
1 0 -2.5 124.5
1 0 -2.5 125.5
1 0 -2.5 126.5
1 0 -2.5 127.5
1 0 -2.5 128.5
1 0 -2.5 129.5
1 0 -2.5 130.5
1 0 -2.5 131.5
1 0 -2.5 132.5
1 0 -2.5 133.5
1 0 -2.5 134.5
1 0 -2.5 135.5
1 0 -2.5 136.5
1 0 -2.5 137.5
1 0 -2.5 138.5
1 0 -2.5 139.5
1 0 -2.5 140.5
1 0 -2.5 141.5
1 0 -2.5 142.5
1 0 -2.5 143.5
1 0 -2.5 144.5
1 0 -2.5 145.5
1 0 -2.5 146.5
1 0 -2.5 147.5
1 0 -2.5 148.5
1 0 -2.5 149.5
1 0 -3.5 138.5
1 0 -3.5 139.5
1 0 -4.5 138.5
1 0 -4.5 139.5
1 0 -5.5 138.5
1 0 -5.5 139.5
1 0 -6.5 138.5
1 0 -6.5 139.5
1 0 -7.5 138.5
1 0 -7.5 139.5
1 0 -16.5 138.5
1 0 -15.5 139.5
1 0 -16.5 139.5
1 0 -15.5 138.5
1 0 -18.5 150.5
1 0 -18.5 151.5
1 0 -18.5 152.5
1 0 -18.5 153.5
1 0 -18.5 154.5
1 0 -18.5 155.5
1 0 -18.5 156.5
1 0 -18.5 157.5
1 0 -18.5 158.5
1 0 -18.5 159.5
1 0 -17.5 150.5
1 0 -17.5 151.5
1 0 -17.5 152.5
1 0 -17.5 153.5
1 0 -17.5 154.5
1 0 -17.5 155.5
1 0 -17.5 156.5
1 0 -17.5 157.5
1 0 -17.5 158.5
1 0 -17.5 159.5
1 0 -17.5 160.5
1 0 -18.5 160.5
1 0 -17.5 161.5
1 0 -18.5 161.5
1 0 -18.5 166.5
1 0 -18.5 167.5
1 0 -17.5 166.5
1 0 -17.5 167.5
1 0 -17.5 168.5
1 0 -17.5 169.5
1 0 -18.5 168.5
1 0 -18.5 169.5
1 0 -18.5 175.5
1 0 -18.5 176.5
1 0 -18.5 177.5
1 0 -18.5 178.5
1 0 -17.5 175.5
1 0 -17.5 176.5
1 0 -17.5 177.5
1 0 -17.5 178.5
1 0 -17.5 182.5
1 0 -17.5 183.5
1 0 -18.5 182.5
1 0 -18.5 183.5
1 0 -18.5 186.5
1 0 -18.5 187.5
1 0 -18.5 188.5
1 0 -18.5 189.5
1 0 -18.5 190.5
1 0 -18.5 191.5
1 0 -18.5 192.5
1 0 -18.5 193.5
1 0 -18.5 194.5
1 0 -18.5 195.5
1 0 -18.5 196.5
1 0 -18.5 197.5
1 0 -18.5 198.5
1 0 -18.5 199.5
1 0 -18.5 200.5
1 0 -18.5 201.5
1 0 -18.5 202.5
1 0 -18.5 203.5
1 0 -18.5 204.5
1 0 -18.5 205.5
1 0 -18.5 206.5
1 0 -18.5 207.5
1 0 -17.5 186.5
1 0 -17.5 187.5
1 0 -17.5 188.5
1 0 -17.5 189.5
1 0 -17.5 190.5
1 0 -17.5 191.5
1 0 -17.5 192.5
1 0 -17.5 193.5
1 0 -17.5 194.5
1 0 -17.5 195.5
1 0 -17.5 196.5
1 0 -17.5 197.5
1 0 -17.5 198.5
1 0 -17.5 199.5
1 0 -17.5 200.5
1 0 -17.5 201.5
1 0 -17.5 202.5
1 0 -17.5 203.5
1 0 -17.5 204.5
1 0 -17.5 205.5
1 0 -17.5 206.5
1 0 -17.5 207.5
1 0 -2.5 150.5
1 0 -2.5 151.5
1 0 -2.5 152.5
1 0 -2.5 153.5
1 0 -2.5 154.5
1 0 -2.5 155.5
1 0 -2.5 156.5
1 0 -2.5 157.5
1 0 -2.5 158.5
1 0 -2.5 159.5
1 0 -2.5 160.5
1 0 -2.5 161.5
1 0 -2.5 162.5
1 0 -2.5 163.5
1 0 -2.5 164.5
1 0 -2.5 165.5
1 0 -2.5 166.5
1 0 -2.5 167.5
1 0 -2.5 168.5
1 0 -2.5 169.5
1 0 -2.5 170.5
1 0 -2.5 171.5
1 0 -2.5 172.5
1 0 -2.5 173.5
1 0 -2.5 174.5
1 0 -2.5 175.5
1 0 -2.5 176.5
1 0 -2.5 177.5
1 0 -2.5 178.5
1 0 -2.5 179.5
1 0 -2.5 180.5
1 0 -2.5 181.5
1 0 -2.5 182.5
1 0 -2.5 183.5
1 0 -2.5 184.5
1 0 -2.5 185.5
1 0 -2.5 186.5
1 0 -2.5 187.5
1 0 -2.5 188.5
1 0 -2.5 189.5
1 0 -2.5 190.5
1 0 -2.5 191.5
1 0 -2.5 192.5
1 0 -2.5 193.5
1 0 -2.5 194.5
1 0 -2.5 195.5
1 0 -2.5 196.5
1 0 -2.5 197.5
1 0 -2.5 198.5
1 0 -2.5 199.5
1 0 -2.5 200.5
1 0 -2.5 201.5
1 0 -2.5 202.5
1 0 -2.5 203.5
1 0 -2.5 204.5
1 0 -2.5 205.5
1 0 -2.5 206.5
1 0 -2.5 207.5
1 0 -2.5 208.5
1 0 -2.5 209.5
1 0 -2.5 210.5
1 0 -2.5 211.5
1 0 -2.5 212.5
1 0 -2.5 213.5
1 0 -2.5 214.5
1 0 -2.5 215.5
1 0 -2.5 216.5
1 0 -2.5 217.5
1 0 -2.5 218.5
1 0 -2.5 219.5
1 0 -2.5 220.5
1 0 -2.5 221.5
1 0 -2.5 222.5
1 0 -2.5 223.5
1 0 -2.5 224.5
1 0 -2.5 225.5
1 0 -2.5 226.5
1 0 -2.5 227.5
1 0 -2.5 228.5
1 0 -11.5 198.5
1 0 -11.5 199.5
1 0 -11.5 200.5
1 0 -11.5 201.5
1 0 -11.5 202.5
0 0 -12.5 211.5
0 0 -12.5 212.5
0 0 -12.5 213.5
0 0 -12.5 214.5
0 0 -12.5 215.5
0 0 -8.5 221.5
0 0 -8.5 222.5
0 0 -8.5 223.5
0 0 -8.5 224.5
0 0 -8.5 225.5
1 0 -18.5 246.5
1 0 -18.5 247.5
1 0 -18.5 248.5
1 0 -18.5 229.5
1 0 -18.5 230.5
1 0 -18.5 231.5
1 0 -18.5 232.5
1 0 -17.5 229.5
1 0 -17.5 230.5
1 0 -17.5 231.5
1 0 -17.5 232.5
1 0 -16.5 229.5
1 0 -16.5 230.5
1 0 -16.5 231.5
1 0 -16.5 232.5
1 0 -15.5 229.5
1 0 -15.5 230.5
1 0 -15.5 231.5
1 0 -15.5 232.5
1 0 -18.5 244.5
1 0 -18.5 245.5
1 0 -17.5 244.5
1 0 -17.5 245.5
1 0 -17.5 246.5
1 0 -17.5 247.5
1 0 -17.5 248.5
2 0 -18.5 253.5
1 0 -18.5 254.5
1 0 -18.5 255.5
2 0 -13.5 253.5
2 0 -14.5 253.5
2 0 -15.5 253.5
2 0 -16.5 253.5
2 0 -17.5 253.5
2 0 -10.5 249.5
2 0 -10.5 250.5
2 0 -10.5 251.5
2 0 -10.5 252.5
2 0 -10.5 253.5
2 0 -12.5 253.5
1 0 -10.5 255.5
1 0 -11.5 255.5
1 0 -12.5 255.5
1 0 -13.5 255.5
1 0 -14.5 255.5
1 0 -15.5 255.5
1 0 -16.5 255.5
1 0 -17.5 255.5
1 0 -5.5 255.5
1 0 -4.5 255.5
1 0 -3.5 255.5
1 0 -2.5 255.5
1 0 -8.5 255.5
1 0 -9.5 255.5
1 0 -7.5 255.5
1 0 -6.5 255.5
1 0 -2.5 229.5
1 0 -2.5 230.5
1 0 -2.5 231.5
1 0 -2.5 232.5
1 0 -2.5 233.5
1 0 -2.5 234.5
1 0 -2.5 235.5
1 0 -2.5 236.5
1 0 -2.5 237.5
1 0 -2.5 238.5
1 0 -2.5 239.5
1 0 -2.5 240.5
1 0 -2.5 241.5
1 0 -2.5 242.5
1 0 -2.5 243.5
1 0 -2.5 244.5
1 0 -2.5 245.5
1 0 -2.5 246.5
1 0 -2.5 247.5
1 0 -2.5 248.5
1 0 -2.5 249.5
1 0 -2.5 250.5
1 0 -2.5 251.5
1 0 -2.5 252.5
1 0 -2.5 253.5
1 0 -2.5 254.5
2 0 -11.5 253.5
1 0 -18.5 260.5
1 0 -18.5 261.5
1 0 -17.5 260.5
1 0 -17.5 261.5
1 0 -18.5 266.5
1 0 -18.5 267.5
1 0 -16.5 266.5
1 0 -16.5 267.5
1 0 -17.5 266.5
1 0 -17.5 267.5
1 0 -18.5 268.5
1 0 -18.5 269.5
1 0 -18.5 270.5
1 0 -18.5 271.5
1 0 -18.5 272.5
1 0 -18.5 273.5
1 0 -18.5 274.5
1 0 -18.5 275.5
1 0 -18.5 276.5
1 0 -18.5 277.5
1 0 -18.5 278.5
1 0 -18.5 279.5
1 0 -18.5 280.5
1 0 -18.5 281.5
1 0 -18.5 282.5
1 0 -18.5 283.5
1 0 -18.5 284.5
1 0 -18.5 285.5
1 0 -18.5 286.5
1 0 -18.5 287.5
1 0 -18.5 288.5
1 0 -18.5 289.5
1 0 -18.5 290.5
1 0 -17.5 268.5
1 0 -17.5 269.5
1 0 -17.5 270.5
1 0 -17.5 271.5
1 0 -17.5 272.5
1 0 -17.5 273.5
1 0 -17.5 274.5
1 0 -17.5 275.5
1 0 -17.5 276.5
1 0 -17.5 277.5
1 0 -17.5 278.5
1 0 -17.5 279.5
1 0 -17.5 280.5
1 0 -17.5 281.5
1 0 -17.5 282.5
1 0 -17.5 283.5
1 0 -17.5 284.5
1 0 -17.5 285.5
1 0 -17.5 286.5
1 0 -17.5 287.5
1 0 -17.5 288.5
1 0 -17.5 289.5
1 0 -17.5 290.5
1 0 -18.5 291.5
1 0 -18.5 292.5
1 0 -18.5 293.5
1 0 -18.5 294.5
1 0 -18.5 295.5
1 0 -18.5 296.5
1 0 -18.5 297.5
1 0 -18.5 298.5
1 0 -18.5 299.5
1 0 -17.5 291.5
1 0 -17.5 292.5
1 0 -17.5 293.5
1 0 -17.5 294.5
1 0 -17.5 295.5
1 0 -17.5 296.5
1 0 -17.5 297.5
1 0 -17.5 298.5
1 0 -17.5 299.5
1 0 -2.5 256.5
1 0 -2.5 257.5
1 0 -2.5 258.5
1 0 -2.5 259.5
1 0 -2.5 260.5
1 0 -2.5 261.5
1 0 -2.5 262.5
1 0 -2.5 263.5
1 0 -2.5 264.5
1 0 -2.5 265.5
1 0 -2.5 266.5
1 0 -2.5 267.5
1 0 -2.5 268.5
1 0 -2.5 269.5
1 0 -2.5 270.5
1 0 -2.5 271.5
1 0 -2.5 272.5
1 0 -2.5 273.5
1 0 -2.5 274.5
1 0 -2.5 275.5
1 0 -2.5 276.5
1 0 -2.5 277.5
1 0 -2.5 278.5
1 0 -2.5 279.5
1 0 -2.5 280.5
1 0 -2.5 281.5
1 0 -2.5 282.5
1 0 -2.5 283.5
1 0 -2.5 284.5
1 0 -2.5 285.5
1 0 -2.5 286.5
1 0 -2.5 287.5
1 0 -2.5 288.5
1 0 -2.5 289.5
1 0 -2.5 290.5
1 0 -2.5 291.5
1 0 -2.5 292.5
1 0 -2.5 293.5
1 0 -2.5 294.5
1 0 -2.5 295.5
1 0 -2.5 296.5
1 0 -2.5 297.5
1 0 -2.5 298.5
1 0 -2.5 299.5
1 0 -2.5 300.5
1 0 -2.5 301.5
1 0 -2.5 302.5
1 0 -15.5 303.5
1 0 -16.5 303.5
1 0 -17.5 303.5
1 0 -3.5 302.5
1 0 -5.5 302.5
1 0 -4.5 302.5
1 0 -6.5 302.5
1 0 -7.5 302.5
1 0 -8.5 302.5
1 0 -9.5 302.5
1 0 -10.5 302.5
1 0 -11.5 302.5
1 0 -12.5 302.5
1 0 -13.5 302.5
1 0 -14.5 302.5
1 0 -16.5 302.5
1 0 -15.5 302.5
1 0 -17.5 302.5
2 0 -9.5 296.5
2 0 -9.5 297.5
2 0 -9.5 298.5
2 0 -9.5 299.5
2 0 -9.5 300.5
2 0 -9.5 301.5
2 0 -13.5 301.5
2 0 -11.5 301.5
2 0 -12.5 301.5
2 0 -10.5 301.5
2 0 -15.5 301.5
2 0 -14.5 301.5
2 0 -16.5 301.5
1 0 -17.5 300.5
1 0 -18.5 300.5
1 0 -18.5 301.5
1 0 -17.5 301.5
1 0 -18.5 302.5
1 0 -18.5 303.5
1 0 -13.5 303.5
1 0 -12.5 303.5
1 0 -14.5 303.5
1 0 -10.5 303.5
1 0 -11.5 303.5
1 0 -9.5 303.5
1 0 -8.5 303.5
1 0 -7.5 303.5
1 0 -6.5 303.5
1 0 -5.5 303.5
1 0 -2.5 303.5
1 0 -3.5 303.5
1 0 -4.5 303.5
1 0 -18.5 256.5
1 0 -18.5 257.5
1 0 -18.5 258.5
1 0 -18.5 259.5
1 0 -17.5 256.5
1 0 -17.5 257.5
1 0 -17.5 258.5
1 0 -17.5 259.5
1 0 -17.5 254.5
2 0 -10.5 256.5
2 0 -10.5 257.5
2 0 -10.5 258.5
2 0 -10.5 259.5
2 0 -10.5 260.5
2 0 -11.5 256.5
2 0 -12.5 256.5
2 0 -13.5 256.5
2 0 -14.5 256.5
2 0 -15.5 256.5
2 0 -16.5 256.5
1 0 -18.5 262.5
1 0 -18.5 263.5
1 0 -17.5 262.5
1 0 -17.5 263.5
0 0 -0.5 272.5
0 0 -0.5 273.5
0 0 -0.5 274.5
0 0 -0.5 275.5
0 0 -0.5 276.5
0 0 -0.5 277.5
0 0 -0.5 278.5
0 0 -0.5 279.5
0 0 -0.5 280.5
0 0 -0.5 281.5
0 0 -0.5 282.5
0 0 -0.5 283.5
0 0 -0.5 284.5
0 0 -0.5 285.5
0 0 -0.5 286.5
0 0 -0.5 287.5
0 0 -0.5 288.5
0 0 -0.5 289.5
0 0 -0.5 290.5
0 0 -0.5 291.5
0 0 -0.5 292.5
0 0 -0.5 293.5
0 0 -0.5 294.5
0 0 -0.5 295.5
0 0 -0.5 296.5
0 0 -0.5 297.5
0 0 -0.5 298.5
0 0 -0.5 299.5
0 0 -0.5 300.5
0 0 -0.5 301.5
0 0 -0.5 302.5
0 0 -0.5 303.5
0 0 0.5 272.5
0 0 0.5 273.5
0 0 0.5 274.5
0 0 0.5 275.5
0 0 0.5 276.5
0 0 0.5 277.5
0 0 0.5 278.5
0 0 0.5 279.5
0 0 0.5 280.5
0 0 0.5 281.5
0 0 0.5 282.5
0 0 0.5 283.5
0 0 0.5 284.5
0 0 0.5 285.5
0 0 0.5 286.5
0 0 0.5 287.5
0 0 0.5 288.5
0 0 0.5 289.5
0 0 0.5 290.5
0 0 0.5 291.5
0 0 0.5 292.5
0 0 0.5 293.5
0 0 0.5 294.5
0 0 0.5 295.5
0 0 0.5 296.5
0 0 0.5 297.5
0 0 0.5 298.5
0 0 0.5 299.5
0 0 0.5 300.5
0 0 0.5 301.5
0 0 0.5 302.5
0 0 0.5 303.5
2 0 8.5 301.5
2 0 8.5 302.5
2 0 8.5 303.5
2 0 3.5 303.5
2 0 1.5 303.5
2 0 8.5 299.5
2 0 8.5 300.5
2 0 6.5 303.5
2 0 5.5 303.5
2 0 4.5 303.5
2 0 7.5 303.5
2 0 2.5 303.5
0 0 -0.5 304.5
0 0 -0.5 305.5
0 0 -0.5 306.5
0 0 -0.5 307.5
0 0 -0.5 308.5
0 0 -0.5 309.5
0 0 -0.5 310.5
0 0 -0.5 311.5
0 0 -0.5 312.5
0 0 -0.5 313.5
0 0 -0.5 314.5
0 0 -0.5 315.5
0 0 0.5 305.5
0 0 0.5 306.5
0 0 0.5 307.5
0 0 0.5 308.5
0 0 0.5 309.5
0 0 0.5 310.5
0 0 0.5 311.5
0 0 0.5 312.5
0 0 0.5 313.5
0 0 0.5 314.5
0 0 0.5 315.5
0 0 0.5 304.5
0 0 0.5 265.5
0 0 0.5 266.5
0 0 0.5 267.5
0 0 0.5 268.5
0 0 0.5 269.5
0 0 0.5 270.5
0 0 0.5 271.5
0 0 -0.5 265.5
0 0 -0.5 266.5
0 0 -0.5 267.5
0 0 -0.5 268.5
0 0 -0.5 269.5
0 0 -0.5 270.5
0 0 -0.5 271.5
0 0 1.5 280.5
0 0 2.5 280.5
0 0 3.5 280.5
0 0 4.5 280.5
0 0 6.5 280.5
0 0 5.5 280.5
0 0 8.5 279.5
0 0 8.5 281.5
0 0 8.5 280.5
0 0 7.5 280.5
0 0 9.5 278.5
0 0 9.5 279.5
0 0 9.5 280.5
0 0 9.5 281.5
0 0 9.5 282.5
0 0 10.5 277.5
0 0 10.5 278.5
0 0 10.5 279.5
0 0 10.5 280.5
0 0 10.5 281.5
0 0 10.5 282.5
0 0 10.5 283.5
1 0 -20.5 139.5
1 0 -20.5 140.5
1 0 -20.5 141.5
1 0 -20.5 142.5
1 0 -20.5 143.5
1 0 -20.5 144.5
1 0 -20.5 145.5
1 0 -20.5 146.5
1 0 -20.5 147.5
1 0 -20.5 148.5
1 0 -20.5 149.5
1 0 -20.5 150.5
1 0 -20.5 151.5
1 0 -20.5 152.5
1 0 -20.5 153.5
1 0 -20.5 154.5
1 0 -20.5 155.5
1 0 -20.5 156.5
1 0 -20.5 157.5
1 0 -20.5 158.5
1 0 -20.5 159.5
1 0 -20.5 160.5
1 0 -20.5 161.5
1 0 -20.5 162.5
1 0 -20.5 163.5
1 0 -20.5 164.5
1 0 -20.5 165.5
1 0 -20.5 166.5
1 0 -20.5 167.5
1 0 -20.5 168.5
1 0 -20.5 169.5
1 0 -20.5 170.5
1 0 -20.5 171.5
1 0 -20.5 172.5
1 0 -20.5 173.5
1 0 -20.5 174.5
1 0 -20.5 175.5
1 0 -20.5 176.5
1 0 -20.5 177.5
1 0 -20.5 178.5
1 0 -20.5 179.5
1 0 -20.5 180.5
1 0 -20.5 181.5
1 0 -20.5 182.5
1 0 -20.5 183.5
1 0 -20.5 184.5
1 0 -20.5 185.5
1 0 -20.5 186.5
1 0 -20.5 187.5
1 0 -20.5 188.5
1 0 -20.5 189.5
1 0 -20.5 190.5
1 0 -20.5 191.5
1 0 -20.5 192.5
1 0 -20.5 193.5
1 0 -20.5 194.5
1 0 -20.5 195.5
1 0 -20.5 196.5
1 0 -20.5 197.5
1 0 -20.5 198.5
1 0 -20.5 199.5
1 0 -20.5 200.5
1 0 -20.5 201.5
1 0 -20.5 202.5
1 0 -20.5 203.5
1 0 -20.5 204.5
1 0 -20.5 205.5
1 0 -20.5 206.5
1 0 -20.5 207.5
1 0 -20.5 208.5
1 0 -20.5 209.5
1 0 -20.5 210.5
1 0 -20.5 211.5
1 0 -20.5 212.5
1 0 -20.5 213.5
1 0 -20.5 214.5
1 0 -20.5 215.5
1 0 -20.5 216.5
1 0 -20.5 217.5
1 0 -20.5 218.5
1 0 -20.5 219.5
1 0 -20.5 220.5
1 0 -20.5 221.5
1 0 -20.5 222.5
1 0 -20.5 223.5
1 0 -20.5 224.5
1 0 -20.5 225.5
1 0 -20.5 226.5
1 0 -20.5 227.5
1 0 -20.5 228.5
1 0 -20.5 229.5
1 0 -20.5 230.5
1 0 -20.5 231.5
1 0 -20.5 232.5
1 0 -20.5 233.5
1 0 -20.5 234.5
1 0 -20.5 235.5
1 0 -20.5 236.5
1 0 -20.5 237.5
1 0 -20.5 238.5
1 0 -20.5 239.5
1 0 -20.5 240.5
1 0 -20.5 241.5
1 0 -20.5 242.5
1 0 -20.5 243.5
1 0 -20.5 244.5
1 0 -20.5 245.5
1 0 -20.5 246.5
1 0 -20.5 247.5
1 0 -20.5 248.5
1 0 -20.5 249.5
1 0 -20.5 250.5
1 0 -20.5 251.5
1 0 -20.5 252.5
1 0 -20.5 253.5
1 0 -20.5 254.5
1 0 -20.5 255.5
1 0 -20.5 256.5
1 0 -20.5 257.5
1 0 -20.5 258.5
1 0 -20.5 259.5
1 0 -20.5 260.5
1 0 -20.5 261.5
1 0 -20.5 262.5
1 0 -20.5 263.5
1 0 -20.5 264.5
1 0 -20.5 265.5
1 0 -20.5 266.5
1 0 -20.5 267.5
1 0 -20.5 268.5
1 0 -20.5 269.5
1 0 -20.5 270.5
1 0 -20.5 271.5
1 0 -20.5 272.5
1 0 -20.5 273.5
1 0 -20.5 274.5
1 0 -20.5 275.5
1 0 -20.5 276.5
1 0 -20.5 277.5
1 0 -20.5 278.5
1 0 -20.5 279.5
1 0 -20.5 280.5
1 0 -20.5 281.5
1 0 -20.5 282.5
1 0 -20.5 283.5
1 0 -20.5 284.5
1 0 -20.5 285.5
1 0 -20.5 286.5
1 0 -20.5 287.5
1 0 -20.5 288.5
1 0 -20.5 289.5
1 0 -20.5 290.5
1 0 -20.5 291.5
1 0 -20.5 292.5
1 0 -20.5 293.5
1 0 -20.5 294.5
1 0 -20.5 295.5
1 0 -20.5 296.5
1 0 -20.5 297.5
1 0 -20.5 298.5
1 0 -20.5 299.5
1 0 -20.5 300.5
1 0 -20.5 301.5
1 0 -20.5 302.5
1 0 -20.5 303.5
1 0 -20.5 130.5
1 0 -20.5 131.5
1 0 -20.5 132.5
1 0 -20.5 133.5
1 0 -20.5 134.5
1 0 -20.5 135.5
1 0 -20.5 136.5
1 0 -20.5 137.5
1 0 -20.5 138.5
1 0 -21.5 130.5
1 0 -25.5 130.5
1 0 -24.5 130.5
1 0 -23.5 130.5
1 0 -22.5 130.5
1 0 -30.5 130.5
1 0 -29.5 130.5
1 0 -28.5 130.5
1 0 -27.5 130.5
1 0 -26.5 130.5
1 0 -31.5 130.5
1 0 -33.5 130.5
1 0 -34.5 130.5
1 0 -32.5 130.5
1 0 -35.5 130.5
1 0 -36.5 130.5
1 0 -36.5 131.5
1 0 -36.5 132.5
1 0 -36.5 133.5
1 0 -36.5 134.5
1 0 -35.5 132.5
1 0 -35.5 131.5
1 0 -35.5 134.5
1 0 -35.5 133.5
1 0 -36.5 135.5
1 0 -35.5 135.5
1 0 -36.5 136.5
1 0 -36.5 137.5
1 0 -36.5 138.5
1 0 -36.5 139.5
1 0 -36.5 140.5
1 0 -36.5 141.5
1 0 -36.5 142.5
1 0 -36.5 143.5
1 0 -36.5 144.5
1 0 -36.5 145.5
1 0 -36.5 146.5
1 0 -36.5 147.5
1 0 -36.5 148.5
1 0 -36.5 149.5
1 0 -36.5 150.5
1 0 -36.5 151.5
1 0 -36.5 152.5
1 0 -36.5 153.5
1 0 -36.5 154.5
1 0 -36.5 155.5
1 0 -36.5 156.5
1 0 -36.5 157.5
1 0 -36.5 158.5
1 0 -36.5 159.5
1 0 -36.5 160.5
1 0 -36.5 161.5
1 0 -36.5 162.5
1 0 -36.5 163.5
1 0 -36.5 164.5
1 0 -36.5 165.5
1 0 -36.5 166.5
1 0 -36.5 167.5
1 0 -36.5 168.5
1 0 -36.5 169.5
1 0 -36.5 170.5
1 0 -36.5 171.5
1 0 -36.5 172.5
1 0 -36.5 173.5
1 0 -36.5 174.5
1 0 -36.5 175.5
1 0 -36.5 176.5
1 0 -36.5 177.5
1 0 -36.5 178.5
1 0 -36.5 179.5
1 0 -36.5 180.5
1 0 -36.5 181.5
1 0 -36.5 182.5
1 0 -36.5 183.5
1 0 -36.5 184.5
1 0 -36.5 185.5
1 0 -36.5 186.5
1 0 -36.5 187.5
1 0 -36.5 188.5
1 0 -36.5 189.5
1 0 -36.5 190.5
1 0 -36.5 191.5
1 0 -36.5 192.5
1 0 -36.5 193.5
1 0 -36.5 194.5
1 0 -36.5 195.5
1 0 -36.5 196.5
1 0 -36.5 197.5
1 0 -36.5 198.5
1 0 -36.5 199.5
1 0 -36.5 200.5
1 0 -36.5 201.5
1 0 -36.5 202.5
1 0 -36.5 203.5
1 0 -36.5 204.5
1 0 -36.5 205.5
1 0 -36.5 206.5
1 0 -36.5 207.5
1 0 -36.5 208.5
1 0 -36.5 209.5
1 0 -36.5 210.5
1 0 -36.5 211.5
1 0 -36.5 212.5
1 0 -36.5 213.5
1 0 -36.5 214.5
1 0 -36.5 215.5
1 0 -36.5 216.5
1 0 -36.5 217.5
1 0 -36.5 218.5
1 0 -36.5 219.5
1 0 -36.5 220.5
1 0 -36.5 221.5
1 0 -36.5 222.5
1 0 -36.5 223.5
1 0 -36.5 224.5
1 0 -36.5 225.5
1 0 -36.5 226.5
1 0 -36.5 227.5
1 0 -36.5 228.5
1 0 -36.5 229.5
1 0 -36.5 230.5
1 0 -36.5 231.5
1 0 -36.5 232.5
1 0 -36.5 233.5
1 0 -36.5 234.5
1 0 -36.5 235.5
1 0 -36.5 236.5
1 0 -36.5 237.5
1 0 -36.5 238.5
1 0 -36.5 239.5
1 0 -36.5 240.5
1 0 -36.5 241.5
1 0 -36.5 242.5
1 0 -36.5 243.5
1 0 -36.5 244.5
1 0 -36.5 245.5
1 0 -36.5 246.5
1 0 -36.5 247.5
1 0 -36.5 248.5
1 0 -36.5 249.5
1 0 -36.5 250.5
1 0 -36.5 251.5
1 0 -36.5 252.5
1 0 -36.5 253.5
1 0 -36.5 254.5
1 0 -36.5 255.5
1 0 -36.5 256.5
1 0 -36.5 257.5
1 0 -36.5 258.5
1 0 -36.5 259.5
1 0 -36.5 260.5
1 0 -36.5 261.5
1 0 -36.5 262.5
1 0 -36.5 263.5
1 0 -36.5 264.5
1 0 -36.5 265.5
1 0 -36.5 266.5
1 0 -36.5 267.5
1 0 -36.5 268.5
1 0 -36.5 269.5
1 0 -36.5 270.5
1 0 -36.5 271.5
1 0 -36.5 272.5
1 0 -36.5 273.5
1 0 -36.5 274.5
1 0 -36.5 275.5
1 0 -36.5 276.5
1 0 -36.5 277.5
1 0 -36.5 278.5
1 0 -36.5 279.5
1 0 -36.5 280.5
1 0 -36.5 281.5
1 0 -36.5 282.5
1 0 -36.5 283.5
1 0 -36.5 284.5
1 0 -36.5 285.5
1 0 -36.5 286.5
1 0 -36.5 287.5
1 0 -36.5 288.5
1 0 -36.5 289.5
1 0 -36.5 290.5
1 0 -36.5 291.5
1 0 -36.5 292.5
1 0 -36.5 293.5
1 0 -36.5 294.5
1 0 -36.5 295.5
1 0 -36.5 296.5
1 0 -36.5 297.5
1 0 -36.5 298.5
1 0 -36.5 299.5
1 0 -36.5 300.5
1 0 -36.5 301.5
1 0 -36.5 302.5
1 0 -36.5 303.5
1 0 -35.5 303.5
1 0 -27.5 303.5
1 0 -28.5 303.5
1 0 -29.5 303.5
1 0 -30.5 303.5
1 0 -31.5 303.5
1 0 -32.5 303.5
1 0 -33.5 303.5
1 0 -34.5 303.5
1 0 -26.5 303.5
1 0 -23.5 303.5
1 0 -25.5 303.5
1 0 -22.5 303.5
1 0 -24.5 303.5
1 0 -21.5 303.5
1 0 -35.5 136.5
1 0 -35.5 137.5
1 0 -35.5 138.5
1 0 -35.5 139.5
1 0 -35.5 140.5
1 0 -35.5 141.5
1 0 -35.5 142.5
1 0 -35.5 143.5
1 0 -35.5 144.5
1 0 -35.5 145.5
1 0 -35.5 146.5
1 0 -35.5 147.5
1 0 -35.5 148.5
1 0 -35.5 149.5
1 0 -35.5 150.5
1 0 -35.5 151.5
1 0 -35.5 152.5
1 0 -35.5 153.5
1 0 -35.5 154.5
1 0 -35.5 155.5
1 0 -35.5 156.5
1 0 -35.5 157.5
1 0 -35.5 158.5
1 0 -35.5 159.5
1 0 -35.5 160.5
1 0 -35.5 161.5
1 0 -35.5 162.5
1 0 -35.5 163.5
1 0 -35.5 164.5
1 0 -35.5 165.5
1 0 -35.5 166.5
1 0 -35.5 167.5
1 0 -35.5 168.5
1 0 -35.5 169.5
1 0 -35.5 170.5
1 0 -35.5 171.5
1 0 -35.5 172.5
1 0 -35.5 173.5
1 0 -35.5 174.5
1 0 -35.5 175.5
1 0 -35.5 176.5
1 0 -35.5 177.5
1 0 -35.5 178.5
1 0 -35.5 179.5
1 0 -35.5 180.5
1 0 -35.5 181.5
1 0 -35.5 182.5
1 0 -35.5 183.5
1 0 -35.5 184.5
1 0 -35.5 185.5
1 0 -35.5 186.5
1 0 -35.5 187.5
1 0 -35.5 188.5
1 0 -35.5 189.5
1 0 -35.5 190.5
1 0 -35.5 191.5
1 0 -35.5 192.5
1 0 -35.5 193.5
1 0 -35.5 194.5
1 0 -35.5 195.5
1 0 -35.5 196.5
1 0 -35.5 197.5
1 0 -35.5 198.5
1 0 -35.5 199.5
1 0 -35.5 200.5
1 0 -35.5 201.5
1 0 -35.5 202.5
1 0 -35.5 203.5
1 0 -35.5 204.5
1 0 -35.5 205.5
1 0 -35.5 206.5
1 0 -35.5 207.5
1 0 -35.5 208.5
1 0 -35.5 209.5
1 0 -35.5 210.5
1 0 -35.5 211.5
1 0 -35.5 212.5
1 0 -35.5 213.5
1 0 -35.5 214.5
1 0 -35.5 215.5
1 0 -35.5 216.5
1 0 -35.5 217.5
1 0 -35.5 218.5
1 0 -35.5 219.5
1 0 -35.5 220.5
1 0 -35.5 221.5
1 0 -35.5 222.5
1 0 -35.5 223.5
1 0 -35.5 224.5
1 0 -35.5 225.5
1 0 -35.5 226.5
1 0 -35.5 227.5
1 0 -35.5 228.5
1 0 -35.5 229.5
1 0 -35.5 230.5
1 0 -35.5 231.5
1 0 -35.5 232.5
1 0 -35.5 233.5
1 0 -35.5 234.5
1 0 -35.5 235.5
1 0 -35.5 236.5
1 0 -35.5 237.5
1 0 -35.5 238.5
1 0 -35.5 239.5
1 0 -35.5 240.5
1 0 -35.5 241.5
1 0 -35.5 242.5
1 0 -35.5 243.5
1 0 -35.5 244.5
1 0 -35.5 245.5
1 0 -35.5 246.5
1 0 -35.5 247.5
1 0 -35.5 248.5
1 0 -35.5 249.5
1 0 -35.5 250.5
1 0 -35.5 251.5
1 0 -35.5 252.5
1 0 -35.5 253.5
1 0 -35.5 254.5
1 0 -35.5 255.5
1 0 -35.5 256.5
1 0 -35.5 257.5
1 0 -35.5 258.5
1 0 -35.5 259.5
1 0 -35.5 260.5
1 0 -35.5 261.5
1 0 -35.5 262.5
1 0 -35.5 263.5
1 0 -35.5 264.5
1 0 -35.5 265.5
1 0 -35.5 266.5
1 0 -35.5 267.5
1 0 -35.5 268.5
1 0 -35.5 269.5
1 0 -35.5 270.5
1 0 -35.5 271.5
1 0 -35.5 272.5
1 0 -35.5 273.5
1 0 -35.5 274.5
1 0 -35.5 275.5
1 0 -35.5 276.5
1 0 -35.5 277.5
1 0 -35.5 278.5
1 0 -35.5 279.5
1 0 -35.5 280.5
1 0 -35.5 281.5
1 0 -35.5 282.5
1 0 -35.5 283.5
1 0 -35.5 284.5
1 0 -35.5 285.5
1 0 -35.5 286.5
1 0 -35.5 287.5
1 0 -35.5 288.5
1 0 -35.5 289.5
1 0 -35.5 290.5
1 0 -35.5 291.5
1 0 -35.5 292.5
1 0 -35.5 293.5
1 0 -35.5 294.5
1 0 -35.5 295.5
1 0 -35.5 296.5
1 0 -35.5 297.5
1 0 -35.5 298.5
1 0 -35.5 299.5
1 0 -35.5 300.5
1 0 -35.5 301.5
1 0 -35.5 302.5
2 0 -27.5 132.5
2 0 -27.5 133.5
2 0 -27.5 134.5
2 0 -27.5 135.5
2 0 -34.5 131.5
2 0 -27.5 131.5
2 0 -28.5 131.5
2 0 -29.5 131.5
2 0 -30.5 131.5
2 0 -31.5 131.5
2 0 -33.5 131.5
2 0 -32.5 131.5
2 0 7.5 -10.5
2 0 10.5 -7.5
2 0 8.5 -10.5
2 0 2.5 -13.5
2 0 -0.5 -7.5
2 0 5.5 -15.5
2 0 5.5 6.5
2 0 8.5 -12.5
2 0 -0.5 -6.5
2 0 1.5 -1.5
2 0 2.5 -14.5
2 0 -0.5 -10.5
2 0 10.5 -13.5
2 0 10.5 -12.5
2 0 4.5 6.5
